-48.8002
-49.1326
-50.258
-49.9941
-49.6283
-50.2662
-50.4849
-49.1639
-39.9853
-8.22885
-8.10198
-2.08534
1.23921
1.2922
1.23276
-1.35863
-7.28726
-5.96136
-6.27353
-2.84286
1.40319
3.54447
5.30706
5.79949
4.30949
0.90447
-5.83088
-12.4052
-26.2061
-37.7337
-13.5835
-7.24453
-5.50366
-6.5229
-9.0291
-11.1964
-9.289
-6.27162
-3.87638
-1.507
2.56734
4.11262
3.27453
2.30015
1.50347
-1.17394
-8.07809
-19.0965
-23.6713
-18.2201
-15.686
-11.9806
-2.72571
0.416174
-0.8392
-5.78148
-5.87031
-3.30658
-2.53941
-2.3116
-2.10231
-3.8662
-8.64764
-4.83697
-3.08076
-5.51762
-8.7901
-8.46037
-6.54152
-4.15906
-2.0997
-1.11895
-0.163931
0.370252
-1.08136
-5.0196
-9.81383
-6.02225
-2.08167
-0.590674
0.432742
2.12821
1.79885
-0.209707
-2.49424
-7.80631
-1.48232
3.56689
5.37633
5.05353
4.27339
3.78624
1.9962
0.362143
-1.2625
-4.80864
-7.55215
-13.5448
-15.0729
-15.0981
-15.7218
-17.1334
-18.666
-20.3672
-21.6026
-22.0941
-21.8004
-21.3105
-20.4644
-20.8394
-23.3725
-24.4201
-25.9457
-27.7636
-30.3993
-35.611
-37.034
-38.2572
-40.1126
-32.2415
-32.3182
-42.2674
-46.468
-48.2683
-48.2448
-49.2024
-50.0416
-49.8769
-49.0448
-48.7547
-47.2695
-47.7078