0.5195
0.477309
0.434078
0.474144
0.444815
0.336667
0.367698
0.566336
0.925597
0.967383
0.967359
0.954354
0.961142
0.968846
0.974751
0.976226
0.641937
0.481168
0.628213
0.931306
0.974414
0.971092
0.957587
0.940729
0.924219
0.930057
0.976267
0.985927
0.987288
0.304882
0.56026
0.470827
0.474264
0.521725
0.549706
0.647443
0.870448
0.964924
0.977767
0.972106
0.978646
0.980242
0.975708
0.97038
0.971504
0.970613
0.970502
0.957691
0.681944
-0.144607
-0.242948
0.645308
0.924399
0.928596
0.937157
0.868481
0.243752
0.14914
0.146128
0.165042
0.224057
0.311817
0.631128
0.954994
0.968078
0.972966
0.992751
0.994021
0.983671
0.956891
0.937196
0.947289
0.950261
0.962994
0.973406
0.977001
0.795761
0.335621
0.250168
0.228955
0.222277
0.227906
0.222965
0.209846
0.239513
0.307207
0.955735
0.971418
0.965224
0.966206
0.965217
0.969108
0.965251
0.969999
0.975266
0.970246
0.968175
0.912206
0.788622
0.680769
0.633912
0.658006
0.645772
0.614084
0.516135
0.473201
0.474423
0.518309
0.650988
0.675689
0.598414
0.633298
0.700009
0.838628
0.930013
0.934024
0.938928
0.940072
0.929501
-0.116192
-0.175547
0.499176
0.704452
0.557195
0.563631
0.467912
0.406206
0.420695
0.469542
0.4713
0.61783
0.655697