0.241063
0.137976
0.142815
0.268043
0.219543
0.171007
0.176507
0.178152
0.274091
0.230854
0.24323
0.125586
0.257847
0.397571
0.557166
0.441
0.133756
0.144467
0.277986
0.638587
0.601253
0.712993
0.688072
0.732778
0.249548
0.312403
0.477293
0.423255
0.424546
0.11731
0.168207
0.151955
0.186075
0.18279
0.191974
0.202886
0.484134
0.657129
0.723632
0.624129
0.632275
0.704784
0.636453
0.657869
0.653344
0.582588
0.217875
0.367132
0.223659
0.127295
0.183426
0.24917
0.519158
0.656581
0.62531
0.302392
0.251881
0.299932
0.286582
0.139432
0.244298
0.302071
0.180721
0.428134
0.585489
0.581269
0.664731
0.67938
0.672498
0.677094
0.633057
0.618343
0.628708
0.734488
0.709648
0.590394
0.334367
0.227447
0.164995
0.205572
0.216469
0.334218
0.315181
0.193015
0.300055
0.211567
0.362029
0.528031
0.610687
0.61588
0.501923
0.480844
0.546252
0.534814
0.589951
0.563118
0.512447
0.289238
0.304884
0.226203
0.139254
0.151693
0.176868
0.140864
0.149432
0.164236
0.15139
0.148764
0.228136
0.192512
0.130984
0.122883
0.136747
0.191899
0.294481
0.195428
0.220324
0.366583
0.245161
0.0619735
0.0388059
0.236614
0.294929
0.127703
0.239291
0.167648
0.22426
0.109723
0.14463
0.252744
0.402036
0.340127